$ 1 0.000005 10.634267539816555 40 2 50
g 64 480 64 496 0
z 64 480 64 384 3 1N4004
z 64 384 64 320 3 1N4004
R 64 320 64 288 0 0 40 5 0 0 0.5
r 144 384 144 480 0 118000
w 144 480 64 480 0
w 144 384 64 384 0
p 144 384 176 320 1 0 0
w -48 384 64 384 0
a 208 400 320 400 9 5 0 1000000 4.551877678095849 4.751379339023736 100000
w 144 384 208 384 0
d 320 400 320 480 2 1N4148
w 208 416 208 480 0
w 208 480 320 480 0
r 320 480 320 544 0 118000
g 320 544 320 560 0
p 320 400 352 336 1 0 0
R -48 384 -240 384 0 1 40 5 0 0 0.5
o 7 64 0 4098 20 0.1 0 1
o 16 64 0 4354 20 0.1 1 1
